34.0
14.0
24.0
82.0
54.0
16.0
9.0
70.0
37.0
43.0
91.0
52.0
73.0
82.0
96.0
176.0
79.0
68.0
69.0
10.0
43.0
91.0
67.0
52.0
77.0
50.0
63.0
25.0
40.0
51.0
48.0
49.0
54.0
46.0
41.0
66.0
63.0
64.0
47.0
63.0
53.0
38.0
57.0
45.0
51.0
49.0
75.0
59.0
50.0
52.0
40.0
65.0
80.0
42.0
59.0
19.0
54.0
71.0
55.0
52.0
43.0
46.0
45.0
46.0
46.0
64.0
58.0
56.0
41.0
47.0
66.0
67.0
67.0
50.0
56.0
51.0
60.0
54.0
61.0
48.0
63.0
66.0
68.0
56.0
60.0
63.0
56.0
62.0
55.0
59.0
85.0
49.0
48.0
77.0
74.0
52.0
43.0
54.0
60.0
77.0
57.0
61.0
37.0
44.0
65.0
55.0
78.0
55.0
81.0
65.0
68.0
61.0
67.0
57.0
65.0
64.0
68.0
76.0
69.0
59.0
71.0
80.0
64.0
62.0
72.0
67.0
57.0
60.0
78.0
80.0
68.0
52.0
72.0
59.0
70.0
57.0
61.0
60.0
58.0
73.0
69.0
65.0
71.0
58.0
68.0
53.0
57.0
57.0
56.0
71.0
61.0
78.0
80.0
75.0
68.0
56.0
76.0
73.0
70.0
57.0
63.0
68.0
56.0
72.0
59.0
72.0
63.0
76.0
63.0
46.0
63.0
76.0
67.0
62.0
52.0
66.0
51.0
68.0
58.0
70.0
58.0
70.0
65.0
77.0
75.0
60.0
58.0
57.0
60.0
48.0
94.0
58.0
72.0
67.0
81.0
61.0
54.0
57.0
61.0
83.0
62.0
68.0
58.0
81.0
70.0
66.0
73.0
73.0
74.0
60.0
61.0
65.0
72.0
87.0
86.0
58.0
57.0
88.0
62.0
68.0
67.0
58.0
61.0
84.0
68.0
75.0
81.0
69.0
54.0
86.0
90.0
86.0
77.0
79.0
66.0
86.0
68.0
82.0
71.0
63.0
90.0
45.0
69.0
59.0
44.0
79.0
79.0
85.0
83.0
66.0
63.0
106.0
84.0
65.0
73.0
75.0
57.0
63.0
73.0
88.0
79.0
60.0
79.0
77.0
59.0
70.0
80.0
67.0
60.0
81.0
71.0
78.0
77.0
74.0
88.0
77.0
80.0
70.0
68.0
78.0
63.0
74.0
55.0
68.0
66.0
62.0
64.0
75.0
81.0
64.0
92.0
95.0
54.0
73.0
95.0
81.0
72.0
64.0
83.0
65.0
67.0
75.0
88.0
74.0
74.0
85.0
80.0
62.0
93.0
57.0
76.0
85.0
76.0
57.0
101.0
75.0
84.0
85.0
77.0
75.0
86.0
81.0
111.0
51.0
77.0
71.0
84.0
101.0
81.0
82.0
124.0
82.0
58.0
80.0
95.0
80.0
102.0
92.0
78.0
76.0
71.0
92.0
95.0
52.0
72.0
96.0
70.0
67.0
77.0
82.0
97.0
87.0
63.0
71.0
81.0
107.0
100.0
92.0
72.0
105.0
104.0
68.0
105.0
82.0
91.0
87.0
100.0
102.0
83.0
84.0
78.0
99.0
112.0
70.0
102.0
103.0
78.0
80.0
85.0
86.0
80.0
92.0
92.0
85.0
105.0
67.0
93.0
87.0
89.0
84.0
78.0
95.0
85.0
86.0
94.0
59.0
97.0
101.0
75.0
105.0
91.0
79.0
65.0
96.0
116.0
83.0
73.0
95.0
90.0
84.0
73.0
103.0
117.0
91.0
97.0
92.0
73.0
95.0
111.0
97.0
80.0
85.0
75.0
75.0
88.0
99.0
83.0
79.0
96.0
104.0
111.0
78.0
98.0
93.0
108.0
77.0
85.0
78.0
91.0
78.0
90.0
111.0
87.0
107.0
97.0
106.0
110.0
83.0
86.0
117.0
95.0
100.0
84.0
100.0
92.0
114.0
98.0
93.0
113.0
102.0
78.0
105.0
104.0
98.0
103.0
104.0
91.0
94.0
84.0
102.0
90.0
102.0
89.0
115.0
93.0
91.0
103.0
113.0
85.0
96.0
111.0
82.0
109.0
94.0
99.0
113.0
104.0
100.0
103.0
86.0
103.0
77.0
83.0
97.0
99.0
106.0
106.0
97.0
90.0
84.0
