12.0
36.0
14.0
41.0
40.0
52.0
57.0
49.0
58.0
84.0
67.0
63.0
59.0
50.0
41.0
51.0
58.0
71.0
54.0
112.0
122.0
89.0
91.0
105.0
113.0
58.0
49.0
83.0
71.0
90.0
66.0
51.0
106.0
51.0
206.0
56.0
46.0
49.0
62.0
67.0
100.0
86.0
84.0
58.0
75.0
79.0
61.0
84.0
65.0
60.0
80.0
50.0
39.0
54.0
65.0
88.0
86.0
56.0
62.0
85.0
67.0
44.0
66.0
76.0
82.0
50.0
74.0
81.0
60.0
87.0
121.0
53.0
58.0
66.0
63.0
121.0
90.0
111.0
66.0
147.0
52.0
88.0
41.0
74.0
60.0
63.0
96.0
65.0
68.0
143.0
54.0
106.0
88.0
53.0
74.0
113.0
78.0
84.0
96.0
69.0
63.0
84.0
63.0
115.0
84.0
112.0
67.0
161.0
73.0
94.0
93.0
75.0
86.0
103.0
83.0
87.0
75.0
58.0
74.0
86.0
90.0
86.0
84.0
99.0
87.0
26.0
188.0
95.0
92.0
67.0
98.0
115.0
85.0
82.0
125.0
83.0
98.0
82.0
126.0
86.0
75.0
97.0
84.0
118.0
83.0
119.0
86.0
188.0
144.0
88.0
87.0
87.0
88.0
94.0
97.0
133.0
119.0
81.0
92.0
80.0
227.0
81.0
144.0
85.0
136.0
74.0
137.0
109.0
120.0
115.0
89.0
117.0
124.0
125.0
158.0
139.0
151.0
124.0
155.0
103.0
104.0
141.0
176.0
139.0
112.0
127.0
132.0
133.0
138.0
121.0
105.0
130.0
109.0
115.0
123.0
114.0
143.0
113.0
106.0
148.0
124.0
118.0
137.0
140.0
122.0
129.0
137.0
109.0
118.0
115.0
127.0
111.0
254.0
125.0
122.0
197.0
147.0
121.0
180.0
168.0
145.0
124.0
133.0
110.0
148.0
168.0
177.0
194.0
135.0
126.0
145.0
134.0
159.0
125.0
118.0
186.0
171.0
156.0
168.0
271.0
128.0
179.0
160.0
186.0
164.0
137.0
191.0
154.0
126.0
137.0
153.0
124.0
141.0
161.0
152.0
132.0
153.0
187.0
153.0
125.0
154.0
140.0
143.0
138.0
133.0
173.0
165.0
192.0
143.0
156.0
154.0
151.0
134.0
147.0
129.0
164.0
157.0
169.0
144.0
160.0
211.0
136.0
163.0
202.0
156.0
227.0
140.0
163.0
145.0
167.0
179.0
159.0
225.0
183.0
165.0
264.0
156.0
172.0
190.0
163.0
197.0
149.0
153.0
184.0
150.0
187.0
160.0
199.0
156.0
186.0
149.0
137.0
176.0
203.0
198.0
218.0
168.0
214.0
163.0
173.0
145.0
193.0
142.0
282.0
222.0
153.0
149.0
177.0
164.0
133.0
147.0
145.0
186.0
224.0
158.0
164.0
190.0
161.0
206.0
172.0
196.0
172.0
151.0
220.0
178.0
234.0
275.0
245.0
189.0
221.0
282.0
168.0
209.0
307.0
318.0
183.0
206.0
175.0
275.0
193.0
167.0
201.0
209.0
174.0
189.0
177.0
172.0
184.0
330.0
185.0
187.0
246.0
164.0
258.0
143.0
181.0
205.0
220.0
223.0
170.0
215.0
233.0
173.0
167.0
193.0
269.0
175.0
215.0
238.0
186.0
176.0
263.0
206.0
178.0
170.0
343.0
202.0
231.0
260.0
231.0
255.0
373.0
206.0
189.0
178.0
219.0
201.0
221.0
171.0
190.0
214.0
204.0
166.0
228.0
212.0
255.0
363.0
219.0
149.0
206.0
224.0
332.0
184.0
492.0
196.0
174.0
196.0
250.0
267.0
307.0
180.0
212.0
205.0
191.0
179.0
487.0
210.0
246.0
219.0
279.0
229.0
186.0
203.0
190.0
238.0
199.0
186.0
197.0
218.0
160.0
188.0
193.0
390.0
189.0
339.0
226.0
277.0
172.0
228.0
247.0
220.0
293.0
225.0
382.0
199.0
203.0
219.0
371.0
397.0
218.0
218.0
287.0
215.0
205.0
185.0
415.0
334.0
324.0
187.0
203.0
223.0
283.0
313.0
467.0
571.0
200.0
263.0
240.0
215.0
242.0
171.0
297.0
303.0
240.0
306.0
270.0
351.0
319.0
314.0
325.0
